ATOM_NAME = C
DIM = 2 2 1
BAND_POINTS = 101
BAND = 0.0000000000  0.0000000000  0.0000000000    0.6666666667  0.3333333333  0.0000000000    0.5000000000  0.5000000000  0.0000000000    1.0000000000  1.0000000000 0.0000000000
DIM = 2 2 1
MP = 20 20 3
PDOS = AUTO
BAND_LABELS = G K M $\Gamma$
